Input array
[A] = 
 [[ 2  1  3  3]
 [ 2  1 -1  1]
 [ 2 -1  3 -3]
 [ 2 -1 -1 -1]]
--------------------------------------------------------
Given matrix shape is : 4x4
--------------------------------------------------------
STEP : 1
--------------------------------------------------------

==> u1
[[ 2.00000000e+000  1.00000000e+000  0.00000000e+000  0.00000000e+000]
 [ 2.00000000e+000  1.00000000e+000  0.00000000e+000  0.00000000e+000]
 [ 2.00000000e+000 -1.00000000e+000  0.00000000e+000  0.00000000e+000]
 [ 2.00000000e+000 -1.00000000e+000  0.00000000e+000  1.11253693e-308]]

==> e1
[[ 0.5  0.5  0.   0. ]
 [ 0.5  0.5  0.   0. ]
 [ 0.5 -0.5  0.   0. ]
 [ 0.5 -0.5  0.   0. ]]

END OF STEP 1
--------------------------------------------------------

STEP : 2
--------------------------------------------------------

==> u2
[[ 2.00000000e+000  1.00000000e+000  3.00000000e+000  0.00000000e+000]
 [ 2.00000000e+000  1.00000000e+000 -1.00000000e+000  0.00000000e+000]
 [ 2.00000000e+000 -1.00000000e+000  3.00000000e+000  0.00000000e+000]
 [ 2.00000000e+000 -1.00000000e+000 -1.00000000e+000  1.11253693e-308]]

==> e2
[[ 0.5  0.5  0.5  0. ]
 [ 0.5  0.5 -0.5  0. ]
 [ 0.5 -0.5  0.5  0. ]
 [ 0.5 -0.5 -0.5  0. ]]

END OF STEP 2
--------------------------------------------------------

STEP : 3
--------------------------------------------------------

==> u3
[[ 2.  1.  2.  3.]
 [ 2.  1. -2.  1.]
 [ 2. -1.  2. -3.]
 [ 2. -1. -2. -1.]]

==> e3
[[ 0.5  0.5  0.5  0.5]
 [ 0.5  0.5 -0.5 -0.5]
 [ 0.5 -0.5  0.5 -0.5]
 [ 0.5 -0.5 -0.5  0.5]]

END OF STEP 3
--------------------------------------------------------


==> Q: 
 [[ 0.5  0.5  0.5  0.5]
 [ 0.5  0.5 -0.5 -0.5]
 [ 0.5 -0.5  0.5 -0.5]
 [ 0.5 -0.5 -0.5  0.5]]


==> R: 
 [[4. 0. 2. 0.]
 [0. 2. 0. 4.]
 [0. 0. 4. 0.]
 [0. 0. 0. 2.]]


